  season games with_ml ties brier_mkt logloss_mkt brier_coin fav_acc
1   2018   267     267    2    0.2124      0.6135       0.25  0.6642
2   2019   267     267    1    0.2141      0.6163       0.25  0.6429
3   2020   269     269    1    0.2019      0.5900       0.25  0.6754
4   2021   285     285    1    0.2177      0.6232       0.25  0.6232
5   2022   284     284    2    0.2093      0.6050       0.25  0.6596
6   2023   285     285    0    0.2186      0.6270       0.25  0.6772
7   2024   285     285    0    0.2010      0.5892       0.25  0.7053
8   2025   285     285    1    0.2109      0.6070       0.25  0.6620
  med_overround
1         1.024
2         1.027
3         1.027
4         1.028
5         1.027
6         1.043
7         1.043
8         1.043

Pooled 2018-2025: n=2219  market Brier=0.2108  log-loss=0.6089
1.5.0 R version 4.5.1 (2025-06-13 ucrt) 
